[16, 11, 12, 16, 12, 18, 17, 18, 17, 22, 23, 22, 23, 22, 21, 16, 21, 20, 21, 22, 23, 22, 21, 22, 23, 22, 17, 12, 8, 9, 4, 3, 2, 3, 4, 3, 4, 3, 8, 7, 8, 13, 12, 11, 12, 8, 7, 8, 3, 2]
[16, 21, 16, 12, 17, 12, 11, 16, 21, 22, 17, 12, 16, 11, 12, 6, 11, 16, 11, 12, 11, 6, 5, 10, 5, 6, 11, 12, 16, 21, 20, 15, 20, 21, 16, 21, 20, 15, 20, 21, 16, 21, 16, 12, 6, 5, 6, 5, 6, 12]
[21, 16, 12, 11, 6, 5, 6, 11, 6, 11, 6, 7, 8, 7, 8, 12, 17, 12, 11, 12, 7, 8, 9, 4, 3, 4, 9, 8, 12, 16, 21, 20, 21, 20, 15, 20, 21, 16, 12, 17, 12, 18, 17, 22, 17, 12, 13, 18, 17, 18]
[17, 12, 11, 12, 11, 12, 16, 21, 16, 21, 16, 11, 12, 17, 22, 23, 22, 17, 12, 11, 12, 6, 7, 8, 13, 14, 19, 14, 19, 14, 13, 12, 16, 21, 16, 11, 12, 6, 11, 12, 8, 7, 8, 13, 12, 18, 19, 18, 19, 14]
[21, 16, 11, 6, 7, 6, 12, 18, 17, 18, 17, 12, 18, 12, 6, 11, 16, 21, 16, 12, 11, 6, 5, 6, 5, 10, 5, 0, 5, 10, 5, 10, 5, 10, 5, 0, 1, 2, 1, 0, 1, 2, 1, 0, 1, 0, 1, 0, 1, 0]
[20, 21, 16, 21, 22, 23, 22, 23, 22, 17, 18, 19, 18, 19, 18, 17, 18, 12, 18, 17, 22, 23, 22, 17, 12, 18, 19, 24, 23, 22, 23, 22, 23, 22, 21, 16, 11, 6, 12, 18, 17, 12, 13, 18, 17, 18, 17, 12, 7, 6]
[5, 10, 5, 0, 5, 6, 11, 16, 12, 16, 21, 22, 23, 22, 21, 22, 17, 12, 16, 21, 22, 23, 22, 23, 22, 17, 18, 17, 22, 17, 18, 17, 22, 23, 24, 19, 18, 12, 18, 19, 18, 19, 18, 17, 18, 19, 24, 19, 18, 19]
[18, 12, 11, 12, 18, 12, 17, 12, 18, 17, 22, 17, 22, 23, 22, 23, 22, 23, 22, 23, 22, 23, 22, 17, 22, 23, 22, 17, 22, 17, 22, 23, 22, 17, 22, 23, 22, 17, 12, 17, 22, 23, 22, 21, 20, 15, 20, 15, 20, 15]
[12, 11, 6, 5, 10, 5, 6, 5, 6, 7, 6, 5, 10, 5, 0, 5, 10, 5, 10, 5, 6, 7, 8, 13, 14, 13, 14, 13, 8, 13, 12, 18, 17, 22, 17, 22, 23, 22, 17, 22, 17, 12, 13, 18, 19, 18, 17, 18, 13, 14]
[19, 14, 13, 8, 3, 2, 1, 0, 1, 0, 1, 2, 1, 0, 1, 0, 5, 0, 1, 0, 1, 0, 1, 2, 3, 2, 1, 2, 3, 8, 9, 4, 9, 8, 12, 13, 8, 9, 4, 9, 14, 13, 14, 13, 14, 19, 24, 23, 22, 23]
[5, 0, 1, 2, 3, 4, 9, 8, 12, 17, 18, 19, 18, 17, 22, 23, 22, 23, 22, 23, 22, 23, 22, 17, 22, 17, 22, 23, 22, 23, 22, 23, 22, 17, 12, 6, 5, 6, 7, 8, 7, 6, 12, 8, 7, 6, 7, 6, 11, 12]
[15, 20, 15, 20, 15, 20, 15, 20, 21, 22, 23, 22, 23, 22, 17, 18, 17, 22, 17, 22, 23, 22, 17, 18, 12, 16, 12, 13, 18, 19, 14, 19, 18, 12, 17, 22, 23, 24, 19, 24, 23, 22, 17, 18, 17, 12, 16, 12, 16, 21]
[4, 3, 2, 1, 0, 1, 2, 1, 0, 1, 0, 1, 2, 1, 2, 1, 2, 3, 4, 3, 4, 3, 8, 13, 12, 18, 17, 22, 17, 22, 23, 22, 23, 22, 23, 22, 23, 22, 23, 22, 17, 18, 12, 16, 11, 6, 5, 10, 5, 6]
[15, 20, 15, 20, 21, 20, 21, 20, 15, 20, 21, 16, 11, 6, 5, 10, 5, 6, 11, 12, 11, 16, 21, 20, 21, 16, 11, 12, 18, 12, 11, 16, 11, 12, 18, 17, 22, 23, 22, 21, 20, 15, 20, 15, 20, 15, 20, 15, 20, 15]
[6, 11, 12, 18, 17, 18, 19, 14, 19, 24, 23, 22, 23, 22, 17, 18, 19, 24, 23, 22, 23, 22, 17, 18, 17, 18, 17, 12, 11, 16, 11, 12, 18, 17, 22, 23, 22, 23, 22, 17, 18, 12, 11, 6, 5, 0, 1, 2, 3, 4]
[22, 17, 12, 6, 11, 16, 21, 22, 17, 22, 23, 22, 23, 22, 17, 18, 17, 22, 23, 22, 23, 22, 23, 22, 17, 12, 8, 3, 2, 1, 2, 3, 8, 13, 12, 17, 12, 11, 12, 18, 12, 16, 21, 22, 17, 22, 23, 22, 23, 22]
[16, 11, 12, 11, 12, 11, 16, 12, 16, 11, 12, 17, 22, 21, 22, 23, 22, 17, 18, 17, 22, 23, 22, 23, 22, 23, 22, 17, 22, 21, 16, 21, 20, 21, 22, 23, 22, 23, 22, 23, 24, 19, 14, 13, 12, 6, 5, 6, 5, 10]
[2, 1, 0, 5, 10, 5, 6, 7, 12, 16, 21, 22, 23, 22, 23, 22, 17, 22, 23, 22, 23, 22, 17, 18, 19, 18, 12, 8, 7, 8, 7, 6, 12, 7, 8, 12, 17, 12, 16, 11, 12, 11, 12, 17, 18, 19, 24, 23, 22, 17]
[15, 20, 15, 20, 15, 20, 21, 16, 21, 16, 12, 16, 12, 18, 12, 16, 12, 18, 19, 18, 17, 22, 23, 22, 23, 24, 19, 18, 19, 18, 17, 22, 21, 16, 21, 16, 21, 20, 21, 16, 12, 16, 21, 22, 23, 22, 21, 22, 23, 22]
[23, 24, 19, 24, 23, 22, 17, 22, 17, 22, 17, 16, 12, 6, 5, 6, 12, 18, 19, 14, 9, 8, 12, 6, 5, 6, 11, 12, 16, 17, 12, 18, 12, 17, 18, 19, 14, 19, 18, 13, 14, 19, 14, 13, 8, 13, 12, 18, 17, 22]
[13, 8, 9, 14, 19, 24, 23, 22, 23, 22, 17, 12, 13, 14, 9, 8, 9, 8, 3, 2, 3, 8, 9, 4, 9, 8, 13, 14, 19, 18, 17, 12, 17, 22, 23, 24, 19, 14, 19, 14, 19, 18, 17, 22, 23, 22, 23, 22, 23, 22]
[18, 17, 18, 17, 22, 23, 22, 23, 22, 21, 16, 12, 11, 16, 11, 12, 16, 11, 12, 11, 16, 11, 12, 16, 21, 20, 15, 20, 15, 20, 15, 20, 15, 20, 21, 20, 21, 20, 15, 20, 21, 16, 11, 6, 12, 16, 21, 20, 15, 20]
[16, 12, 16, 11, 12, 16, 12, 17, 22, 23, 22, 17, 18, 17, 22, 23, 22, 23, 22, 23, 24, 19, 18, 19, 18, 17, 12, 8, 3, 4, 3, 2, 1, 0, 1, 0, 5, 6, 7, 6, 11, 16, 12, 18, 12, 16, 21, 20, 15, 20]
[10, 5, 10, 5, 6, 11, 6, 12, 11, 6, 5, 10, 5, 10, 5, 6, 11, 16, 21, 20, 21, 16, 12, 17, 16, 12, 17, 18, 12, 6, 5, 0, 1, 2, 1, 2, 1, 0, 1, 2, 3, 4, 3, 8, 3, 4, 3, 8, 3, 2]
[13, 18, 17, 22, 23, 22, 23, 22, 23, 22, 17, 16, 12, 18, 19, 24, 19, 18, 17, 12, 8, 7, 12, 8, 7, 12, 11, 12, 16, 12, 16, 17, 18, 17, 22, 23, 22, 23, 22, 21, 16, 12, 7, 8, 12, 8, 7, 6, 11, 12]
[9, 14, 19, 14, 19, 14, 19, 14, 19, 18, 17, 18, 17, 18, 17, 22, 21, 16, 12, 16, 11, 6, 5, 6, 12, 11, 16, 11, 12, 11, 12, 6, 7, 6, 11, 12, 17, 18, 19, 18, 12, 11, 16, 21, 20, 15, 20, 15, 20, 15]
[11, 12, 11, 12, 16, 21, 20, 15, 20, 15, 20, 15, 20, 15, 20, 21, 16, 21, 16, 12, 18, 12, 16, 12, 17, 12, 16, 21, 22, 17, 18, 19, 18, 12, 11, 16, 12, 16, 11, 6, 12, 18, 12, 16, 12, 18, 17, 12, 16, 21]
[1, 2, 3, 8, 13, 12, 17, 18, 19, 18, 17, 22, 21, 16, 12, 16, 21, 16, 21, 20, 21, 22, 17, 18, 17, 22, 23, 22, 23, 22, 23, 22, 21, 16, 12, 13, 18, 17, 22, 23, 22, 21, 20, 15, 20, 15, 20, 15, 20, 21]
[22, 23, 24, 19, 18, 17, 22, 17, 22, 17, 12, 18, 17, 22, 23, 22, 17, 18, 17, 12, 18, 17, 22, 21, 20, 15, 20, 21, 22, 17, 18, 17, 12, 18, 17, 22, 23, 22, 23, 22, 23, 22, 17, 18, 17, 22, 17, 12, 16, 11]
[6, 5, 6, 7, 8, 9, 4, 3, 4, 3, 4, 9, 4, 3, 4, 3, 8, 7, 6, 5, 6, 12, 16, 11, 12, 8, 3, 2, 1, 2, 1, 2, 1, 0, 5, 0, 5, 10, 15, 20, 21, 20, 21, 16, 11, 6, 7, 6, 5, 6]
[16, 12, 11, 12, 17, 22, 17, 12, 11, 16, 11, 16, 17, 16, 21, 20, 21, 16, 17, 12, 17, 12, 11, 16, 21, 16, 11, 12, 6, 11, 12, 18, 17, 18, 17, 18, 19, 18, 19, 24, 19, 14, 19, 18, 17, 22, 17, 22, 17, 22]
[18, 17, 18, 17, 22, 23, 22, 17, 22, 17, 22, 17, 12, 17, 22, 23, 22, 23, 22, 21, 20, 15, 20, 15, 20, 21, 22, 17, 22, 23, 22, 17, 22, 21, 20, 21, 16, 11, 6, 12, 18, 19, 14, 19, 14, 19, 18, 12, 16, 21]
[15, 20, 21, 20, 21, 22, 23, 22, 23, 22, 23, 22, 23, 22, 17, 12, 17, 22, 17, 12, 17, 16, 21, 20, 21, 16, 12, 7, 8, 12, 16, 21, 22, 23, 22, 23, 22, 17, 18, 17, 12, 16, 12, 17, 18, 19, 18, 12, 16, 21]
[13, 12, 18, 17, 22, 23, 22, 23, 22, 23, 22, 23, 22, 17, 22, 21, 20, 15, 20, 15, 20, 15, 20, 21, 20, 15, 20, 15, 20, 15, 20, 21, 16, 11, 16, 12, 11, 6, 5, 10, 5, 10, 5, 6, 11, 6, 11, 6, 5, 0]
[15, 20, 21, 16, 12, 17, 22, 17, 18, 17, 22, 17, 12, 11, 16, 11, 12, 11, 16, 12, 17, 22, 17, 12, 11, 12, 17, 12, 7, 8, 13, 14, 13, 12, 6, 11, 12, 11, 12, 11, 6, 7, 8, 3, 8, 12, 16, 17, 22, 21]
[19, 18, 17, 12, 16, 21, 22, 23, 22, 23, 22, 21, 20, 15, 20, 15, 20, 15, 20, 21, 22, 17, 22, 23, 24, 19, 18, 17, 12, 18, 17, 22, 17, 22, 21, 20, 15, 20, 21, 20, 15, 20, 21, 22, 17, 18, 19, 14, 19, 14]
[14, 13, 12, 17, 12, 17, 22, 23, 22, 17, 12, 16, 12, 6, 11, 12, 11, 12, 11, 6, 12, 16, 21, 22, 23, 22, 23, 22, 21, 16, 11, 12, 18, 19, 18, 12, 11, 12, 17, 22, 21, 16, 12, 6, 5, 6, 12, 17, 18, 19]
[21, 16, 11, 16, 21, 20, 15, 20, 15, 20, 15, 20, 15, 20, 15, 20, 15, 20, 21, 22, 17, 12, 16, 21, 20, 15, 20, 21, 16, 12, 18, 12, 17, 22, 23, 22, 23, 22, 23, 22, 23, 22, 23, 22, 23, 22, 17, 18, 12, 18]
[6, 5, 6, 7, 6, 7, 6, 12, 11, 12, 18, 17, 12, 8, 9, 8, 12, 7, 8, 7, 8, 7, 8, 12, 16, 21, 20, 15, 20, 15, 20, 21, 20, 21, 16, 21, 22, 23, 24, 19, 14, 19, 14, 19, 18, 17, 12, 18, 12, 16]
[12, 11, 12, 17, 12, 16, 11, 12, 8, 7, 8, 9, 8, 13, 14, 13, 8, 12, 16, 12, 17, 12, 6, 11, 6, 5, 6, 5, 6, 12, 17, 22, 23, 22, 23, 22, 23, 22, 17, 16, 12, 16, 21, 20, 15, 20, 21, 16, 21, 16]
[0, 5, 0, 1, 2, 3, 4, 9, 14, 19, 24, 23, 24, 19, 18, 19, 24, 23, 22, 21, 16, 11, 12, 16, 21, 22, 23, 22, 23, 22, 23, 22, 17, 12, 8, 9, 4, 3, 2, 1, 0, 5, 10, 5, 10, 5, 6, 11, 16, 21]
[4, 9, 4, 9, 4, 9, 4, 3, 2, 1, 2, 1, 0, 1, 0, 1, 0, 1, 2, 1, 0, 1, 0, 5, 6, 11, 16, 17, 18, 19, 24, 23, 24, 19, 18, 17, 22, 17, 12, 17, 18, 17, 22, 23, 22, 21, 20, 15, 20, 15]
[18, 19, 18, 17, 12, 11, 12, 7, 8, 3, 2, 3, 8, 9, 8, 13, 12, 13, 14, 19, 14, 19, 14, 13, 14, 19, 18, 12, 11, 16, 21, 22, 23, 22, 23, 22, 17, 18, 17, 22, 23, 22, 23, 22, 23, 22, 17, 22, 17, 22]
[21, 20, 15, 20, 21, 20, 15, 20, 15, 20, 15, 20, 21, 16, 12, 16, 21, 22, 17, 22, 23, 22, 23, 22, 17, 12, 8, 3, 2, 1, 0, 1, 0, 1, 0, 5, 0, 5, 10, 5, 6, 11, 6, 7, 6, 12, 8, 7, 6, 11]
[1, 0, 1, 2, 1, 2, 3, 2, 3, 4, 3, 4, 3, 2, 3, 8, 13, 12, 8, 13, 14, 19, 18, 17, 12, 17, 12, 18, 19, 18, 17, 22, 23, 22, 23, 22, 23, 22, 23, 22, 21, 16, 11, 12, 17, 12, 16, 21, 20, 15]
[17, 22, 17, 12, 18, 17, 12, 6, 5, 0, 1, 0, 5, 0, 1, 0, 5, 6, 5, 6, 5, 10, 5, 6, 12, 11, 16, 21, 22, 17, 18, 12, 13, 14, 13, 14, 19, 14, 13, 8, 3, 2, 1, 2, 1, 0, 5, 10, 5, 10]
[5, 10, 5, 6, 11, 12, 18, 17, 22, 23, 22, 17, 22, 23, 22, 23, 22, 17, 22, 23, 22, 23, 22, 17, 12, 18, 12, 8, 7, 6, 5, 0, 1, 2, 3, 4, 9, 8, 12, 16, 11, 12, 8, 13, 12, 8, 3, 2, 1, 0]
[0, 1, 0, 1, 2, 1, 2, 1, 2, 1, 2, 1, 0, 5, 10, 15, 20, 15, 20, 15, 20, 15, 20, 21, 16, 21, 20, 15, 20, 15, 20, 15, 20, 15, 20, 21, 22, 23, 24, 19, 14, 19, 14, 19, 14, 19, 14, 19, 14, 19]
[22, 23, 22, 23, 22, 23, 24, 19, 14, 13, 8, 12, 17, 22, 17, 22, 23, 22, 17, 18, 17, 22, 21, 20, 15, 20, 21, 20, 15, 20, 15, 20, 15, 20, 15, 20, 15, 20, 21, 16, 12, 18, 12, 7, 8, 7, 12, 18, 19, 24]
[15, 20, 21, 20, 21, 16, 21, 16, 12, 16, 12, 6, 7, 8, 9, 8, 3, 2, 1, 2, 3, 4, 9, 8, 9, 8, 7, 8, 9, 4, 3, 8, 12, 7, 8, 13, 12, 16, 11, 16, 11, 12, 16, 21, 16, 12, 18, 12, 7, 8]
[5, 10, 5, 0, 1, 0, 1, 2, 3, 4, 9, 8, 12, 17, 18, 17, 18, 17, 18, 17, 18, 12, 18, 19, 14, 13, 14, 13, 18, 17, 12, 11, 12, 6, 7, 8, 9, 4, 9, 4, 9, 14, 19, 18, 19, 24, 19, 18, 17, 12]
[7, 6, 11, 6, 5, 10, 5, 0, 5, 10, 5, 6, 5, 10, 5, 10, 5, 10, 5, 10, 5, 6, 12, 16, 17, 18, 19, 18, 19, 24, 19, 14, 13, 12, 11, 12, 11, 16, 21, 16, 11, 12, 17, 22, 17, 12, 11, 12, 11, 12]
[22, 17, 12, 18, 19, 18, 17, 18, 17, 18, 17, 12, 18, 17, 18, 17, 12, 11, 6, 7, 8, 3, 8, 12, 18, 12, 17, 22, 17, 22, 23, 22, 23, 22, 17, 18, 17, 18, 17, 12, 18, 19, 14, 19, 18, 19, 18, 17, 22, 17]
[22, 23, 22, 17, 22, 23, 22, 23, 22, 23, 22, 23, 22, 23, 22, 23, 22, 23, 22, 21, 22, 23, 22, 23, 22, 23, 22, 17, 22, 23, 22, 17, 22, 23, 22, 23, 22, 23, 22, 23, 22, 23, 22, 17, 18, 17, 22, 23, 22, 23]
[1, 2, 1, 2, 3, 2, 3, 2, 3, 8, 12, 16, 21, 16, 11, 12, 16, 21, 20, 15, 20, 21, 16, 11, 12, 18, 12, 17, 22, 17, 12, 17, 22, 23, 22, 23, 22, 23, 22, 23, 22, 23, 22, 23, 22, 17, 18, 17, 12, 6]
[16, 21, 20, 21, 16, 11, 16, 12, 16, 11, 12, 16, 17, 12, 16, 21, 16, 12, 11, 12, 18, 12, 18, 17, 22, 17, 22, 17, 18, 17, 22, 23, 22, 23, 24, 19, 24, 23, 22, 23, 24, 19, 18, 19, 18, 12, 11, 12, 16, 12]
[9, 4, 9, 14, 19, 18, 17, 22, 23, 22, 23, 22, 17, 12, 16, 17, 22, 17, 22, 17, 22, 17, 12, 7, 6, 7, 8, 12, 8, 7, 6, 11, 16, 12, 11, 12, 17, 22, 23, 22, 17, 22, 21, 20, 15, 20, 15, 20, 21, 16]
[0, 1, 0, 5, 6, 12, 11, 12, 11, 12, 16, 17, 18, 17, 12, 18, 17, 18, 17, 12, 16, 12, 18, 17, 18, 17, 18, 12, 17, 18, 17, 18, 19, 18, 17, 12, 16, 17, 22, 23, 22, 23, 22, 17, 18, 19, 24, 23, 22, 23]
[11, 6, 7, 6, 5, 6, 5, 10, 5, 0, 5, 10, 5, 10, 5, 0, 1, 2, 1, 0, 1, 2, 3, 2, 1, 0, 5, 10, 5, 6, 11, 16, 11, 6, 11, 16, 11, 6, 11, 16, 21, 22, 17, 12, 18, 19, 14, 19, 24, 23]
[14, 13, 18, 19, 18, 12, 6, 7, 6, 7, 6, 5, 10, 5, 0, 1, 0, 1, 0, 5, 0, 5, 0, 1, 0, 1, 2, 1, 0, 5, 0, 1, 2, 3, 2, 1, 2, 1, 0, 5, 10, 5, 0, 5, 10, 15, 20, 15, 20, 15]
[11, 12, 17, 22, 17, 18, 17, 22, 23, 22, 23, 22, 23, 22, 23, 22, 17, 12, 11, 12, 6, 11, 16, 12, 16, 17, 16, 12, 17, 18, 12, 13, 8, 3, 2, 1, 2, 1, 0, 1, 2, 3, 2, 1, 0, 5, 0, 5, 6, 12]
[2, 3, 2, 1, 0, 5, 10, 5, 0, 1, 0, 5, 6, 12, 16, 21, 16, 12, 16, 21, 22, 17, 18, 17, 18, 19, 14, 19, 18, 17, 12, 11, 16, 17, 22, 23, 22, 23, 22, 17, 12, 18, 19, 14, 13, 12, 16, 21, 20, 15]
[12, 16, 11, 6, 11, 12, 17, 22, 23, 22, 23, 22, 23, 22, 17, 18, 17, 18, 17, 18, 17, 12, 11, 16, 12, 17, 18, 12, 7, 6, 11, 12, 18, 17, 22, 17, 12, 6, 5, 0, 1, 2, 1, 2, 1, 2, 1, 0, 1, 0]
[15, 20, 21, 16, 11, 16, 11, 6, 11, 16, 11, 12, 18, 17, 22, 17, 12, 16, 21, 16, 21, 20, 21, 16, 11, 12, 16, 17, 22, 17, 22, 17, 22, 23, 22, 17, 22, 23, 22, 21, 16, 17, 18, 17, 12, 18, 17, 22, 23, 22]
[6, 5, 10, 5, 10, 5, 6, 7, 8, 9, 8, 7, 6, 5, 0, 5, 10, 5, 6, 12, 16, 11, 12, 6, 11, 6, 5, 10, 5, 10, 5, 0, 5, 0, 1, 0, 1, 2, 1, 2, 3, 8, 7, 8, 3, 8, 12, 6, 7, 6]
[20, 21, 16, 11, 6, 7, 12, 18, 19, 18, 19, 14, 13, 18, 17, 12, 17, 22, 23, 22, 21, 20, 15, 20, 21, 20, 21, 20, 21, 16, 12, 11, 12, 18, 12, 17, 22, 17, 18, 17, 12, 13, 14, 13, 12, 17, 22, 17, 12, 18]
[10, 5, 6, 5, 10, 5, 6, 5, 6, 11, 12, 16, 11, 12, 16, 11, 6, 5, 10, 5, 10, 5, 6, 11, 6, 11, 16, 12, 16, 17, 12, 11, 12, 17, 22, 17, 12, 11, 12, 16, 12, 18, 17, 22, 17, 22, 21, 16, 12, 18]
[15, 20, 15, 20, 15, 20, 21, 16, 21, 22, 17, 18, 13, 14, 13, 14, 19, 18, 12, 11, 12, 11, 16, 11, 12, 13, 18, 19, 18, 17, 16, 12, 8, 9, 4, 9, 4, 9, 8, 9, 4, 9, 8, 9, 4, 3, 2, 1, 0, 1]
[18, 19, 18, 17, 22, 17, 22, 23, 22, 17, 18, 17, 22, 17, 22, 23, 22, 23, 22, 23, 22, 17, 18, 12, 11, 16, 21, 20, 21, 20, 21, 20, 15, 20, 15, 20, 15, 20, 21, 20, 21, 22, 17, 18, 17, 18, 19, 14, 13, 14]
[20, 15, 20, 15, 20, 21, 22, 23, 22, 17, 18, 12, 17, 22, 17, 12, 16, 21, 20, 21, 16, 11, 16, 12, 17, 22, 17, 22, 23, 22, 17, 22, 17, 18, 17, 12, 16, 21, 16, 12, 16, 21, 20, 15, 20, 15, 20, 15, 20, 15]
[16, 12, 16, 11, 16, 12, 18, 17, 12, 13, 8, 3, 2, 1, 0, 5, 6, 7, 12, 7, 6, 7, 8, 9, 4, 9, 8, 12, 16, 21, 16, 21, 20, 15, 20, 15, 20, 15, 20, 15, 20, 15, 20, 15, 20, 15, 20, 15, 20, 21]
[7, 8, 13, 14, 19, 18, 17, 18, 17, 22, 23, 22, 17, 18, 17, 18, 17, 22, 23, 22, 17, 18, 12, 17, 18, 19, 14, 19, 14, 9, 8, 13, 8, 12, 16, 11, 6, 5, 0, 5, 10, 5, 10, 5, 6, 11, 6, 7, 8, 9]
[5, 10, 5, 10, 5, 0, 1, 0, 1, 2, 3, 2, 1, 2, 1, 2, 3, 8, 9, 4, 3, 8, 7, 6, 7, 6, 11, 12, 16, 12, 6, 7, 8, 3, 8, 12, 17, 18, 19, 14, 19, 14, 19, 14, 19, 18, 19, 18, 17, 18]
[15, 20, 15, 20, 15, 20, 15, 10, 5, 10, 5, 6, 11, 6, 5, 6, 5, 6, 5, 10, 5, 6, 5, 6, 5, 10, 5, 6, 11, 16, 12, 7, 6, 7, 6, 11, 16, 21, 16, 12, 16, 12, 8, 7, 8, 13, 12, 7, 8, 12]
[13, 14, 19, 18, 17, 18, 19, 14, 19, 18, 12, 18, 17, 22, 21, 22, 23, 22, 17, 18, 17, 18, 17, 22, 21, 16, 12, 11, 6, 5, 10, 5, 10, 5, 10, 5, 10, 5, 6, 12, 11, 16, 21, 20, 15, 20, 15, 20, 15, 20]
[16, 11, 12, 18, 19, 14, 13, 12, 7, 8, 3, 2, 3, 2, 1, 2, 3, 4, 3, 2, 3, 8, 12, 7, 8, 12, 13, 18, 17, 22, 17, 16, 12, 18, 19, 18, 17, 22, 17, 16, 12, 11, 16, 21, 16, 12, 13, 8, 7, 8]
[13, 14, 19, 24, 23, 24, 19, 18, 17, 12, 11, 12, 11, 6, 7, 8, 7, 6, 12, 11, 12, 16, 21, 16, 21, 16, 11, 12, 11, 16, 12, 13, 8, 7, 8, 3, 4, 9, 14, 19, 24, 23, 22, 23, 22, 17, 22, 23, 24, 19]
[2, 3, 8, 9, 8, 3, 4, 3, 2, 1, 0, 1, 0, 1, 2, 1, 0, 1, 0, 1, 2, 3, 2, 3, 8, 12, 17, 12, 11, 16, 17, 18, 12, 11, 12, 18, 19, 18, 12, 17, 22, 17, 12, 18, 17, 22, 23, 22, 17, 12]
[19, 24, 23, 22, 23, 22, 17, 18, 17, 18, 12, 8, 7, 6, 7, 6, 7, 6, 11, 12, 18, 12, 17, 22, 17, 12, 18, 17, 18, 19, 14, 19, 14, 19, 24, 23, 22, 23, 22, 17, 18, 19, 18, 17, 12, 7, 8, 9, 8, 3]
[4, 9, 8, 3, 4, 3, 4, 3, 4, 9, 8, 9, 4, 3, 2, 1, 2, 1, 0, 1, 2, 1, 2, 1, 0, 1, 2, 1, 0, 5, 6, 11, 6, 11, 12, 16, 21, 16, 11, 12, 16, 21, 20, 21, 20, 15, 20, 21, 20, 15]
[12, 11, 6, 7, 6, 7, 8, 12, 16, 21, 16, 11, 12, 7, 8, 12, 11, 12, 7, 8, 13, 14, 19, 18, 12, 11, 16, 21, 16, 21, 20, 21, 20, 15, 20, 21, 22, 23, 22, 17, 18, 17, 12, 18, 12, 11, 12, 18, 19, 24]
[2, 3, 8, 13, 18, 17, 22, 17, 12, 7, 8, 12, 16, 12, 18, 17, 12, 18, 17, 22, 23, 22, 21, 16, 12, 18, 12, 16, 21, 22, 23, 22, 21, 20, 15, 20, 15, 20, 21, 16, 17, 22, 23, 22, 21, 20, 21, 20, 15, 20]
[15, 20, 15, 20, 21, 16, 11, 16, 11, 6, 7, 6, 12, 11, 16, 21, 20, 21, 16, 11, 12, 18, 17, 22, 23, 22, 17, 12, 18, 17, 12, 11, 12, 16, 12, 16, 21, 16, 12, 16, 12, 11, 12, 18, 19, 24, 23, 22, 23, 22]
[22, 17, 18, 17, 12, 16, 11, 16, 21, 16, 21, 20, 21, 22, 23, 22, 21, 20, 15, 20, 15, 20, 21, 20, 21, 22, 23, 22, 17, 18, 12, 16, 17, 22, 23, 22, 23, 22, 23, 24, 19, 18, 19, 14, 13, 14, 13, 12, 16, 21]
[22, 17, 18, 19, 18, 19, 18, 17, 18, 19, 18, 17, 18, 19, 24, 23, 22, 17, 18, 12, 16, 11, 12, 11, 6, 5, 6, 5, 10, 5, 10, 5, 6, 11, 12, 18, 17, 22, 23, 22, 23, 22, 23, 22, 21, 16, 12, 11, 12, 16]
[2, 1, 0, 1, 2, 1, 0, 5, 6, 5, 10, 5, 10, 5, 6, 5, 6, 5, 10, 5, 0, 5, 0, 1, 0, 1, 2, 1, 0, 5, 6, 5, 0, 1, 2, 1, 0, 5, 6, 12, 8, 9, 8, 12, 17, 18, 17, 12, 16, 21]
[5, 10, 5, 10, 5, 0, 1, 2, 3, 2, 3, 2, 1, 2, 3, 4, 3, 8, 3, 4, 3, 4, 9, 8, 12, 16, 11, 12, 18, 12, 16, 11, 12, 13, 8, 7, 6, 12, 11, 16, 21, 20, 21, 16, 12, 7, 8, 7, 6, 5]
[15, 20, 15, 20, 15, 20, 15, 20, 15, 20, 15, 20, 15, 20, 15, 20, 15, 20, 15, 20, 15, 20, 15, 20, 15, 20, 15, 20, 21, 22, 23, 22, 23, 22, 23, 22, 23, 22, 21, 20, 21, 16, 21, 20, 15, 20, 15, 20, 15, 20]
[10, 5, 6, 5, 6, 5, 6, 5, 6, 11, 16, 21, 16, 12, 16, 21, 16, 12, 6, 11, 6, 5, 6, 12, 13, 8, 9, 4, 3, 2, 3, 8, 7, 8, 7, 8, 7, 12, 16, 21, 16, 21, 20, 21, 22, 23, 22, 17, 12, 16]
[5, 10, 5, 6, 12, 18, 12, 18, 12, 7, 8, 12, 13, 14, 13, 12, 16, 21, 20, 21, 20, 21, 16, 12, 13, 14, 19, 24, 19, 24, 23, 22, 17, 12, 6, 5, 10, 5, 10, 5, 6, 11, 12, 11, 16, 21, 16, 21, 16, 12]
[5, 10, 5, 10, 5, 10, 5, 10, 5, 10, 5, 0, 1, 0, 1, 0, 1, 0, 1, 2, 1, 0, 5, 6, 5, 6, 12, 11, 12, 18, 12, 17, 18, 12, 16, 17, 12, 8, 3, 8, 9, 8, 12, 8, 13, 12, 8, 7, 8, 9]
[6, 7, 6, 11, 6, 5, 6, 12, 17, 18, 17, 18, 19, 18, 12, 18, 12, 8, 7, 6, 5, 10, 5, 6, 5, 10, 5, 6, 11, 16, 21, 20, 21, 20, 21, 16, 11, 6, 5, 6, 5, 6, 5, 10, 5, 6, 11, 12, 8, 7]
[14, 19, 24, 23, 22, 23, 24, 19, 18, 17, 18, 17, 22, 17, 12, 16, 12, 18, 17, 22, 21, 16, 12, 11, 16, 12, 7, 8, 12, 6, 11, 12, 8, 13, 14, 19, 24, 23, 24, 19, 18, 17, 12, 11, 6, 7, 8, 7, 6, 11]
[7, 6, 7, 8, 13, 12, 6, 7, 8, 12, 17, 18, 12, 17, 22, 23, 22, 17, 22, 23, 22, 17, 12, 13, 14, 13, 8, 12, 18, 17, 18, 12, 11, 12, 17, 18, 17, 18, 17, 18, 12, 18, 12, 11, 12, 11, 12, 7, 8, 12]
[12, 18, 17, 18, 19, 24, 23, 22, 23, 24, 19, 14, 9, 4, 9, 8, 13, 18, 19, 24, 23, 18, 17, 22, 23, 22, 17, 18, 17, 12, 16, 21, 20, 15, 20, 15, 20, 21, 20, 21, 20, 15, 20, 15, 20, 15, 20, 15, 20, 15]
[23, 22, 17, 22, 17, 12, 16, 21, 16, 21, 16, 12, 16, 21, 16, 21, 16, 12, 17, 22, 21, 20, 21, 16, 21, 16, 11, 16, 12, 11, 6, 5, 6, 7, 8, 13, 12, 18, 19, 24, 23, 22, 17, 22, 23, 24, 19, 18, 12, 6]
[5, 10, 5, 0, 5, 10, 5, 6, 7, 8, 7, 8, 3, 2, 1, 0, 1, 0, 1, 2, 1, 2, 1, 2, 3, 2, 1, 0, 1, 0, 5, 0, 1, 2, 3, 4, 9, 8, 7, 8, 13, 14, 19, 24, 23, 22, 17, 12, 16, 21]
[19, 14, 19, 14, 19, 14, 13, 8, 12, 17, 22, 23, 22, 23, 22, 21, 20, 15, 20, 21, 16, 12, 11, 16, 12, 7, 8, 9, 8, 12, 16, 11, 6, 7, 6, 5, 0, 1, 0, 5, 10, 5, 6, 5, 10, 5, 0, 5, 6, 11]
[23, 22, 21, 16, 12, 17, 18, 12, 16, 11, 6, 11, 16, 21, 16, 12, 8, 7, 12, 18, 12, 17, 22, 17, 22, 17, 12, 11, 16, 21, 20, 15, 20, 21, 22, 23, 22, 23, 22, 23, 22, 17, 22, 17, 16, 12, 7, 8, 12, 6]
[5, 6, 5, 6, 11, 6, 11, 16, 12, 17, 12, 16, 17, 22, 23, 22, 23, 22, 21, 20, 15, 20, 15, 20, 21, 22, 17, 22, 17, 12, 8, 9, 4, 9, 4, 3, 4, 3, 2, 1, 0, 1, 2, 1, 0, 5, 10, 5, 6, 5]
